year,less1yr,1yr,2yr,3yr,4yr,5to14yr,unknown,deaths
1998,11,4,9,5,4,5,1,39
1999,6,7,11,5,1,2,0,32
2000,14,4,9,1,3,4,0,35
2001,12,10,6,9,0,2,0,39
2002,15,4,5,3,1,3,0,31
2003,13,9,10,6,3,2,0,43
2004,16,10,5,6,1,1,0,39
2005,13,10,11,3,3,7,0,47
2006,5,9,6,3,2,4,0,29
2007,13,11,5,2,2,3,0,36
2008,14,10,4,8,5,2,0,43
2009,10,12,3,3,3,2,0,33
2010,10,11,17,8,1,2,0,49
2011,9,8,6,6,3,1,0,33
2012,12,5,6,7,3,1,0,34
2013,15,10,7,6,2,4,0,44
2014,11,8,4,3,2,3,0,31
2015,10,5,4,2,2,1,0,24
2016,16,6,8,8,1,0,0,39
2017,12,14,6,10,0,2,0,44
2018,19,10,9,7,3,4,1,53
2019,12,19,11,7,2,1,0,52
2020,2,3,0,3,3,0,0,11
